502 501 1
457 295
185 411
257 488
71 22
271 126
495 9
352 194
466 399
370 233
33 337
112 88
363 444
50 305
447 453
184 193
404 410
441 130
210 18
395 49
158 359
293 247
450 335
83 418
19 496
462 84
18 470
468 124
443 94
275 469
291 161
107 148
54 198
461 176
383 192
65 164
393 333
489 354
162 75
34 139
458 291
238 480
292 262
4 428
297 270
74 239
274 425
65 56
90 373
200 306
98 312
109 302
496 425
156 115
151 355
334 77
379 449
178 471
437 316
457 231
468 279
233 42
426 229
100 501
13 199
183 405
441 153
248 21
120 227
431 13
284 196
118 18
149 51
92 260
458 28
133 126
369 205
253 234
398 47
53 82
473 211
214 173
78 450
259 327
478 456
325 200
181 398
263 134
84 79
140 492
93 109
420 203
419 313
396 499
408 386
92 16
42 100
57 339
344 60
277 212
63 32
38 439
274 441
445 239
136 8
158 376
398 409
272 103
375 189
366 91
108 376
195 413
154 235
458 225
488 403
161 198
171 312
294 323
303 75
185 87
144 388
328 177
96 95
327 117
62 375
326 309
188 227
206 378
479 151
22 491
417 367
348 86
127 64
424 285
135 439
222 268
17 70
377 150
37 482
469 317
282 317
380 55
284 401
1 41
391 417
98 244
460 162
370 191
478 233
413 302
288 464
500 328
11 319
58 307
313 265
14 225
25 369
44 407
138 250
122 194
141 46
345 65
467 258
256 490
179 113
96 349
493 15
333 386
33 440
191 302
329 89
374 433
349 215
86 306
251 254
10 476
222 479
184 229
123 465
384 39
163 395
163 325
435 195
144 406
29 68
135 276
451 76
43 485
324 270
241 202
23 300
129 231
217 334
102 283
218 260
351 462
190 26
186 268
304 5
167 406
289 230
481 429
400 298
467 333
104 341
236 19
367 114
127 312
59 308
249 56
132 190
332 387
287 319
168 350
160 243
299 373
426 358
434 455
347 491
77 405
154 22
73 284
143 276
50 382
143 30
270 211
495 140
189 27
475 293
220 423
456 406
53 269
454 89
95 80
237 68
164 436
84 38
254 397
228 79
20 122
187 467
294 490
318 151
396 74
242 466
345 61
238 440
193 219
390 408
111 383
110 219
258 289
66 206
447 107
59 427
497 412
463 1
168 415
446 496
357 439
141 226
152 271
371 14
446 316
149 278
345 430
463 386
483 354
414 132
198 215
26 58
422 218
360 296
137 220
331 42
216 98
242 93
402 347
434 459
464 153
60 452
142 214
237 372
223 267
415 16
207 9
197 210
138 115
479 213
335 43
299 340
487 359
475 223
288 146
459 84
251 255
336 245
175 278
477 388
136 125
163 197
204 45
461 424
250 266
353 160
172 472
338 428
2 166
57 348
37 410
374 131
400 280
148 142
54 171
170 482
32 257
364 236
12 66
117 489
252 163
87 81
99 321
239 159
264 294
9 245
187 8
460 5
99 477
160 176
366 427
228 119
304 44
483 451
290 251
342 339
63 247
290 201
240 432
157 385
358 192
196 72
266 473
145 372
101 377
296 435
362 137
49 453
272 143
85 105
362 139
474 256
30 277
39 336
69 36
120 173
228 275
470 24
365 85
183 241
322 96
346 269
261 307
0 21
430 154
300 292
179 149
5 35
361 103
432 485
67 122
108 265
178 264
399 401
235 315
272 167
261 209
463 356
2 116
38 338
29 448
494 225
407 397
416 433
134 106
7 476
4 394
430 226
64 110
72 403
204 499
22 181
342 448
96 6
74 279
498 23
421 12
341 311
186 83
480 471
201 31
182 337
273 353
340 263
208 192
24 392
286 443
444 326
224 102
73 412
112 133
157 228
303 209
17 285
430 18
199 421
129 76
166 310
4 155
212 151
53 25
487 322
27 397
493 418
175 486
12 202
346 125
276 28
309 94
176 314
213 387
436 152
48 106
442 165
160 92
244 69
0 298
343 368
374 91
105 331
62 7
232 111
404 384
438 330
48 52
283 365
67 121
382 253
324 6
391 442
297 240
221 259
301 180
205 320
333 402
352 172
464 166
8 411
70 155
193 287
294 246
88 479
454 41
6 55
3 101
123 245
124 165
500 154
82 169
78 3
97 305
318 174
207 467
481 330
147 344
221 203
34 350
431 498
438 192
500 20
232 90
354 104
356 301
182 128
188 217
364 389
128 243
40 24
414 486
113 449
31 381
228 234
159 397
380 343
281 93
273 484
420 409
131 341
254 337
80 147
437 61
329 363
280 419
147 452
