5004 5003 1
877 391
2301 3927
3177 211
3181 3102
101 3708
2813 4174
1849 3592
2614 768
725 2107
1246 1736
3778 2815
1632 524
1936 4949
4276 1920
3269 1875
4488 261
2042 4774
752 232
2905 740
495 4668
468 420
1597 956
4100 4149
1965 2393
775 3250
4542 4552
4409 4602
3909 4224
3747 4719
4194 1529
4660 4056
4136 2679
1628 621
3516 2340
2037 3191
3442 2818
1802 168
2559 2328
2828 1931
587 885
3675 1392
3786 210
4566 4723
1676 2387
3757 1123
2612 2078
2046 90
4790 4700
1203 2688
1690 4947
2233 2172
1186 1036
1988 2390
664 2003
3734 4695
27 4943
4432 2012
736 3260
3417 237
3986 3961
822 1325
2760 4180
626 1004
2404 2295
4646 4937
1564 3110
4378 56
3524 3265
66 4096
3527 130
451 3624
2989 3768
1836 2191
3882 3215
741 3516
620 232
1916 657
2017 3857
1558 3469
2096 4758
1103 1538
1836 4783
1264 2144
1275 3167
2352 4787
990 3968
2895 712
1960 2065
3678 841
3234 3873
3481 3339
982 4715
1674 112
4702 4589
370 1662
2011 3244
1073 4278
80 4567
290 1103
3083 953
275 3462
4558 4902
1865 2931
1441 502
3202 1984
1151 3960
2534 907
1271 834
95 2152
355 3954
3311 3058
4716 462
2477 472
1800 2706
741 4212
3006 1230
1229 315
609 3725
671 1799
4095 4908
2364 2483
4234 1116
3175 4937
4746 1598
3994 3925
4344 3446
2683 4349
1380 2523
1698 3884
1023 3411
3247 3739
423 4195
3458 3997
286 1279
1813 4807
4858 3392
1603 872
2284 875
4219 2198
2821 2215
1957 1877
1090 586
2426 3676
3327 700
1232 2123
850 2870
4316 2211
2687 1621
2948 2527
409 1697
2444 1128
1789 2308
1783 768
679 3208
743 675
4768 3126
4576 924
2361 3809
1456 3528
3279 2252
2721 2418
1608 4677
2045 3226
896 701
1952 1935
339 1330
1172 4950
2961 1467
4519 697
1052 2043
759 3445
3243 3329
1416 2022
3705 1434
837 664
2807 3833
4241 3391
3084 1126
29 4328
935 3635
2006 3855
3830 4653
3908 4498
999 2718
1052 2930
1749 3365
247 1779
2181 4536
4147 644
272 1716
4754 4646
4699 2984
352 4520
2248 4869
1121 42
4044 3476
3264 3156
2119 3135
1489 16
1272 2783
4701 717
1580 4329
818 1454
444 4151
43 3035
2764 3079
2876 2409
2516 4299
3332 3127
4254 4803
4335 1355
3740 1887
1170 3335
2798 1757
1876 3789
3091 1260
3393 4942
228 3908
662 4799
2970 3600
2162 4721
4049 3704
4067 1240
2413 169
2457 4006
3368 4202
596 4553
4309 2384
394 1832
1944 1136
2114 4551
736 3194
3000 834
2139 2295
2508 361
3438 4231
2173 2960
4468 364
1897 2542
1064 1039
2129 1242
3683 1410
2616 3005
3578 4423
4069 2629
2325 1449
977 4314
1544 1415
2089 213
2634 4759
2581 4433
4062 229
4249 4507
594 4804
95 4131
3869 4495
2736 3860
1909 2280
3626 4804
1218 1876
3210 3591
4877 4431
4131 1018
2574 302
469 4847
4315 2663
2047 3930
1281 326
2604 2624
385 4212
1490 2722
4554 4386
4648 4874
4841 602
2636 4679
4352 3834
3037 2643
2679 1310
585 4893
4575 1804
1645 2312
4004 843
3792 4474
3918 814
498 1525
3763 984
1217 770
2186 2049
1619 4756
84 1426
1590 3137
3948 2230
2668 4960
974 4747
1428 2735
4541 207
847 417
4161 1057
2272 4237
3556 2500
2008 2113
3461 3134
2978 97
1100 673
2305 4416
3198 3597
468 3017
3612 2077
329 3368
2908 3276
2109 1844
1365 3736
4980 4799
206 3828
800 4503
3422 377
28 4782
1114 3074
4412 230
1176 3444
3210 4313
905 880
2317 242
26 3942
2371 3845
3356 4106
4202 4413
2396 629
2410 1457
3655 4231
2292 2367
121 2282
2199 4105
614 4141
2921 1329
3122 264
3350 3090
1015 3746
3134 792
2217 4520
1065 3685
4315 1842
1365 2343
4810 4308
638 3099
1248 2938
671 1850
4410 446
679 1591
3590 4925
5001 1418
1726 1336
1363 606
2543 3303
2173 1430
2725 3986
1799 1194
1054 4108
856 159
234 301
4008 738
9 4962
192 3634
2371 4924
1775 1409
4467 1395
676 4534
2591 1182
2694 4867
4944 2877
1476 1648
3923 3730
1533 3964
1394 2894
2744 3140
2544 2130
4876 3465
2777 817
3645 292
4940 4140
1683 4775
4257 592
2789 291
3881 2882
3256 1723
942 299
3565 4384
68 1526
3129 2896
3887 188
1695 4476
1608 4124
2498 50
4953 1744
2791 3771
668 2335
4889 2307
3914 3851
4809 782
3785 4543
2756 4473
2213 4152
2509 1043
2996 2492
4893 4910
4806 2599
1694 2407
2635 4302
4126 1238
3116 4867
4643 756
4629 3220
4765 2855
2715 2539
1216 4144
3789 1643
2612 2502
2428 517
4382 2747
3496 1135
3693 998
1384 2166
569 2902
441 3692
2075 0
1228 4976
173 2811
2111 78
1328 3054
4370 2236
1563 4842
1171 2847
2522 3972
2054 2134
4587 3272
3870 3749
944 1385
2306 4720
1794 4118
1199 1404
1135 2531
4605 2515
2140 2014
3388 1445
4984 451
3293 1784
4251 3432
4259 4245
2171 2925
1057 3840
3285 1001
1505 4866
2610 3431
4326 1734
3724 1196
3606 2374
4394 126
360 2531
1138 1995
1704 1788
2141 2420
4236 4578
3716 4306
4663 4303
4113 3249
2074 1881
3764 2401
1270 4767
4580 2277
933 1634
1771 4229
2986 93
4312 2609
2142 4638
3549 1783
1034 1202
862 3861
4822 4272
4385 4875
3008 3015
4899 1552
4467 1493
4979 2720
3641 2719
2037 1728
3403 2038
1386 4717
3342 1453
300 877
827 1249
3638 1712
4038 4340
2945 4794
1760 1265
1517 4899
4756 3594
2871 2586
3973 917
2344 704
49 4783
4506 2105
2354 3078
2806 1963
120 2862
1851 3477
124 3423
4874 1630
3710 2421
4737 2770
3218 1366
3388 1605
4092 2182
1958 1501
866 4046
776 44
2057 2052
368 2467
3920 2652
254 3765
2584 3844
2573 2092
3372 943
780 3034
4179 407
3231 2582
836 4064
1060 3646
1243 4281
622 4151
2881 1232
4115 12
4221 1915
657 3589
3503 289
3834 166
1145 3157
2464 1793
4079 4697
3755 376
1596 1804
1333 45
4723 3560
3320 1557
310 2713
2567 1213
2306 4461
4821 3114
2127 1235
1071 4571
488 2403
1927 2969
4139 4996
481 2540
3746 3371
2851 3712
2784 1892
1882 3358
3784 2843
4611 3267
3593 1499
2677 4444
2345 2462
3622 2539
1930 1438
4879 2619
880 1305
3360 595
532 4872
1461 3781
1419 2234
3877 1994
21 1556
2821 198
3288 171
999 735
3173 1089
1339 4143
771 2363
2218 4123
3082 368
3810 3904
373 1092
3571 3186
4229 1369
4033 878
4211 582
2099 2651
3698 1840
4597 86
1257 1774
2184 4610
4541 2863
2299 3798
3912 2070
994 2822
4095 89
202 2680
1804 2521
4869 474
1182 2800
4238 2638
4225 3818
4481 4036
4791 765
824 3753
4278 1379
1911 1370
458 743
1705 3551
931 4505
3916 2265
1122 297
391 1684
2909 820
2478 77
601 1647
1357 1022
3190 499
3541 3329
753 3081
1874 3578
4416 1159
39 4015
1494 507
2558 4609
3367 2926
4201 3153
3119 887
2816 2196
2386 2842
2091 2625
3238 471
1723 183
2511 1059
3529 3696
1055 902
565 949
4904 2707
4505 2419
62 319
1655 101
1353 2001
3208 4533
1917 1603
4714 4678
4884 4857
1131 93
2970 2278
348 4708
418 467
1989 739
1165 4150
2485 3062
18 3324
2317 2332
4990 340
4752 2994
2148 4358
1802 1587
1683 1149
769 768
3525 257
2590 4223
2727 2967
3508 1824
487 3707
2578 2076
3969 804
978 1719
4820 3500
241 1840
4594 241
2470 3546
2981 3437
3466 2891
1316 3705
3418 633
3850 812
1293 4513
1468 3192
2716 4516
4055 3409
477 259
1647 4144
1173 335
1158 2562
1430 1447
2315 1878
4491 1159
1412 4297
3148 465
3967 265
3732 3190
3906 4092
1920 4403
4709 164
4676 1498
312 3773
2245 1164
2136 2098
3566 4835
4576 3421
4845 2853
3072 8
4656 1464
957 323
2608 218
2209 1595
4170 1052
2965 2551
305 3801
611 3826
4949 3629
1953 2993
312 2645
3540 2866
156 2034
3760 1847
1980 4262
1620 4887
3852 2354
2385 1755
4727 2226
3955 805
2988 2235
3284 4579
3041 3325
3204 554
1012 2468
2897 1578
2357 1200
1667 1890
2021 1460
2453 3054
756 1466
2064 4596
2030 1523
648 411
2569 3561
1303 543
1794 534
1779 357
2002 4425
4007 1819
4178 4249
1929 1744
3227 393
4862 1129
1742 4693
4845 4126
2007 162
119 4928
318 4719
109 2538
4817 2062
1342 2641
794 2937
2708 1707
4025 4848
4935 3051
599 4675
4255 1521
2222 4968
2242 4389
4391 826
3967 1290
2747 1058
1295 1167
3805 2790
3673 3014
3615 624
3115 1359
3105 395
4235 1071
3854 4764
772 143
1603 1401
4054 3681
62 3624
4149 443
2470 3354
74 2913
2629 2279
1822 4055
3039 1693
647 4519
567 1891
425 3427
133 4382
3299 1836
3127 3163
1944 3660
1592 1883
1037 612
2553 3222
351 3984
4020 2213
1096 1026
3544 185
4730 1266
3013 267
3026 3274
3907 482
2909 4061
3470 2542
3416 3091
3135 4611
3166 3331
2114 3059
387 4514
2570 2925
4596 3219
811 886
2137 4793
572 1388
4291 3286
365 2481
832 4670
3501 2617
4323 2150
4087 3684
554 1483
4539 2725
639 4288
4619 673
1007 3574
3539 1873
2597 4058
4909 4461
2733 631
4048 549
1192 721
1834 1433
7 1179
83 72
2987 2751
2189 333
523 3316
4226 4349
6 4510
4135 3209
3441 1225
334 3455
4718 4072
1849 4027
2874 163
4447 4187
2693 894
2506 1456
1158 4932
3993 341
3149 4567
503 1345
3814 813
1880 2443
2168 1751
784 4374
4880 2650
1904 873
2019 1358
2046 652
930 3889
1638 2174
4291 4738
4911 1499
3386 3293
2512 3736
2948 3147
1793 1222
757 4992
1697 3107
3390 2847
4405 1318
2824 2963
4863 3496
806 1434
888 1105
1302 4606
1418 3745
2941 947
3995 4009
717 3240
1039 1977
661 1567
674 4770
45 4063
627 989
1041 1835
1258 4707
1557 2488
3790 3761
4924 2107
4890 4771
3697 4562
3770 3588
1474 1127
3748 3590
3332 69
807 3067
1342 4780
5000 4060
501 3346
1651 3603
2491 1344
3279 4619
3041 650
4155 2441
4601 3113
3263 4478
4421 3323
2131 3700
2432 956
1773 677
1277 4175
2751 4751
129 4806
2823 1408
2216 4877
4538 1016
4414 1341
4148 3306
388 4894
2125 2945
4216 831
4578 3314
588 4650
3023 1255
4864 1602
4646 666
941 4348
4656 4929
4482 2976
1127 2112
4809 3596
1537 945
4632 3592
1169 4232
4256 822
1657 604
201 3722
2049 745
1209 2900
858 1137
4776 192
3507 541
3974 1624
4560 2565
4282 1190
64 1087
918 839
1762 1298
260 4548
3184 1083
2726 2601
260 4547
605 1753
3193 1084
3910 4214
2697 453
2323 2298
3451 2343
3232 3198
4690 3532
262 1556
1720 1673
142 1295
4760 1962
3650 793
4394 144
849 2397
4997 1585
3426 2785
4114 4082
580 1665
1784 134
2681 1952
4199 1155
633 798
1797 1458
4112 522
781 22
1609 2211
2124 2464
4983 127
154 1542
3909 221
4766 694
4462 3647
4892 3189
2214 174
583 1066
2460 970
46 4762
2017 1130
1511 816
4068 1286
3649 479
1715 1501
887 991
1461 2349
3230 1413
1367 2263
4007 1112
739 4692
3927 510
3555 2700
2685 4217
4469 4592
550 38
2126 2195
1359 2532
4856 4475
932 2414
4604 2634
245 3229
2827 553
4704 4659
2395 4169
2749 3280
884 838
1551 2737
1770 565
3342 610
3100 2088
2861 1823
3630 2472
4561 405
4660 4653
2318 3793
3179 1429
1555 2201
4473 317
661 1626
690 796
4537 4514
1468 2259
3961 4628
2630 1678
1108 4154
319 4016
1875 1104
1272 2913
0 1575
4972 75
1947 406
2153 2728
844 1483
1127 4765
3091 1997
1901 1733
774 94
2341 3946
4325 2319
4512 1573
3941 3016
2613 3454
2767 630
2421 511
3822 4179
4923 949
2372 960
264 535
3194 5003
3603 3050
3306 3009
3095 1226
4929 4269
2080 1688
4300 4051
3930 1178
3618 2446
2810 3839
3743 1233
3882 4059
3188 905
4373 3711
4870 2190
1390 4036
3819 1842
343 3812
1677 2664
1974 3080
2030 1859
449 860
540 3864
3008 1187
217 3889
4651 976
3428 3695
445 404
1817 4487
3656 1927
3971 366
4388 2007
1559 4135
3376 521
3628 2108
1518 1985
2189 2676
2019 3351
4496 3985
3683 3301
4227 478
4831 1068
3191 334
4834 815
4947 899
4188 373
1814 558
1546 4252
493 845
2793 766
1845 3953
4238 3112
2250 842
4982 3072
1698 3003
1682 2145
374 4511
1268 2581
492 3932
1561 983
4434 526
1010 1265
3767 4521
2515 3802
4848 1002
965 3682
4024 4991
1390 1244
4662 2844
2734 4314
3846 2933
3631 461
2861 1391
1007 2417
196 2102
4720 2839
4104 2261
3834 3637
547 3854
3963 4644
2079 224
2118 2775
1520 3865
1830 4186
1978 4130
4632 3976
997 3394
2560 3057
4011 3057
774 3564
3646 1153
1500 4037
1097 1508
56 3701
1221 4439
2811 1506
1278 2601
3850 1217
4324 1855
4522 4136
2927 3623
4955 3894
4617 3534
396 2565
1961 4477
4649 475
1897 1436
3307 3672
4722 3726
2780 1661
1967 3823
73 4871
3862 3686
3523 1966
1142 550
2 3409
4041 3010
4295 3473
3459 1179
1463 3651
3585 4226
4345 682
285 1005
4603 3717
4206 4836
2486 3702
303 500
3682 2219
2334 134
3883 59
4101 3797
2649 996
329 2557
1910 3974
4775 873
3839 1617
770 3576
960 65
923 3468
1422 3979
218 3061
4203 556
2508 4882
3535 1064
4981 139
4061 1889
3925 204
3532 3681
4330 1640
243 4504
2917 2710
4053 4259
3463 4341
3101 4265
2954 1337
2154 4649
841 3201
4774 4031
2953 3407
4934 3489
2359 1420
4498 872
347 3123
4006 1644
754 1593
3310 1910
2541 189
2964 4200
1502 4851
4177 3165
756 1260
4886 353
3511 528
2763 1588
423 1852
2296 3007
346 2979
2883 4311
86 2285
1913 609
215 3935
3944 60
4561 3412
2886 3126
2659 4626
751 1258
3605 4549
2660 3990
4183 2502
2764 2974
4636 1241
3629 801
4586 1472
593 3315
3667 1460
2507 1857
3972 4913
629 2267
3694 2138
252 720
4452 2048
2073 4904
2368 3529
2117 1402
1023 4871
1065 4944
4623 2635
1216 2669
3510 4584
4918 2274
1838 1904
4586 1118
4158 2720
1274 2960
1084 2292
2045 364
2385 3674
1276 2779
4625 658
3305 2951
1860 4033
463 3104
1451 2132
2903 2825
3448 176
1352 1294
2480 578
74 1949
3518 2224
3294 3554
4917 4318
742 4408
2065 145
4637 1105
2469 3742
3370 456
3404 1619
2056 4622
1737 3055
2746 4396
4320 2411
4088 1998
656 3187
2940 3011
2574 190
2061 4824
2013 1451
2658 3670
1776 1757
2260 2768
4213 2475
4237 2493
3285 2002
3857 92
3576 785
3556 3486
2032 4168
2038 1947
4075 1541
541 2362
1695 1502
193 597
106 190
2976 1854
551 1028
3906 4900
3147 52
4626 805
901 175
1423 2885
803 996
3180 663
1978 1109
1990 4981
2749 161
3033 2009
4735 4641
2125 2096
2449 3141
3075 1621
1964 581
2649 3951
2758 2619
2206 3661
2098 3676
2785 523
1740 2846
3098 1704
3242 3386
2454 1559
4418 3771
927 764
2377 1560
1748 3100
4407 3983
1309 107
2823 2410
916 412
3928 472
4377 526
378 1708
2979 1506
4931 4994
1599 796
4329 1601
1549 4267
1931 1664
2828 2984
4972 3364
3406 2179
2451 4852
3607 2130
3109 4813
4802 2369
638 4284
2218 4360
3709 4826
3996 426
2568 826
3799 2100
1139 4244
616 3879
2430 3895
155 2110
703 1798
4856 3053
2095 3485
1983 2072
4107 3464
3949 168
3814 4613
306 4312
1916 14
3747 1414
3019 4770
2451 1101
1083 2999
3205 499
4365 689
2429 4254
2357 3885
2555 938
4039 282
3319 4310
1241 4367
2423 2724
3921 3049
66 4576
415 2779
4913 1530
1856 2946
436 2613
4426 3878
795 2907
4638 2586
4038 2297
2805 4891
2829 185
3780 4964
4896 4130
2541 4807
4420 2392
1798 1954
3614 1918
4363 2857
1843 719
321 587
246 1581
2876 917
1009 2845
2241 4121
3256 1414
3932 430
3722 1786
4096 2128
4531 64
4192 4343
789 947
37 2480
3994 1400
88 594
2066 371
1295 2456
4398 3945
2770 3555
2364 46
3565 4337
2438 1999
1657 3048
383 1505
82 1780
4533 3075
1356 2095
4481 3363
1507 684
785 2040
1289 2447
506 3359
2461 1197
18 765
3803 2440
2143 1880
4277 1942
1343 2662
1837 2701
3361 790
1453 4971
580 3984
1948 986
4299 2179
3075 3806
4022 1108
3320 2773
1997 1362
3602 4142
1903 1477
3335 4963
2644 3499
1004 3024
1932 3425
4999 1122
2203 3395
4559 3457
691 4109
2135 212
342 34
4362 2618
2894 2885
4738 2760
2435 3255
282 571
4456 3752
1382 2733
2585 4895
4572 596
4950 1137
847 3686
2856 20
3677 4797
851 648
4369 294
3993 3373
1713 495
2459 2243
3166 1036
1860 2870
4064 4125
1389 1571
3678 2707
993 1507
1767 4393
3512 2044
4178 1288
2207 810
4727 324
1913 2062
1140 4789
2390 493
775 2787
263 1126
3550 2197
900 2192
1509 2416
3965 1656
3618 2593
998 2010
4552 4091
2775 4622
2850 604
2626 1866
3781 4584
848 3523
1378 821
2097 680
654 3164
4923 2715
2024 398
3402 3507
3551 234
2934 2505
4581 3450
2814 4528
58 678
4001 3713
4739 3545
1852 205
2901 3840
4086 4640
597 1922
3464 3693
4811 1595
1045 2119
4903 2205
2742 2341
519 752
1106 116
3484 2644
2729 4050
1261 1541
245 2992
25 4761
1387 2849
658 230
2011 1388
4273 2955
4250 936
4331 1487
4787 4047
1288 384
1703 4517
1049 3752
3504 2495
4383 1926
645 3790
1371 1722
5001 3884
2912 4334
2226 860
549 1671
2854 123
429 2220
3660 848
4290 1780
2490 2545
132 2203
3554 4670
4864 4985
3621 1873
3452 854
2290 1479
432 681
2425 2797
3756 3474
934 2658
163 2176
1375 3921
1747 1634
2438 986
2898 4272
777 230
1628 1866
152 1649
3243 3650
4393 4323
5 1818
3651 3534
1021 4764
2223 2250
4228 3664
2856 1411
4261 1940
4505 4388
350 2232
1032 3207
951 562
4840 457
200 926
3009 4115
4025 3308
4814 3397
483 1540
2530 959
437 3910
3017 3036
4333 1722
3808 3038
988 4743
1633 1983
1205 4534
1073 3994
4577 2322
2602 503
1106 1134
3792 3742
140 2791
2671 3138
2115 3405
1948 1426
1910 2067
1636 470
13 3184
4370 3567
4712 3700
1251 3858
1452 4196
14 1131
1054 450
1706 3874
968 204
4470 324
2946 1350
3770 950
1565 3337
3981 1483
217 3182
2689 1444
2271 4305
2587 1741
761 1275
4044 2220
2803 3370
2029 4698
861 0
4219 836
4256 3286
2177 1685
1970 247
4565 2919
1133 913
3217 2285
4855 77
2888 2029
396 2830
3990 3936
3375 4057
3152 311
3482 625
3989 3272
957 4432
2075 3973
3207 1500
3151 4298
1062 4364
2980 3410
496 1619
1 79
4576 3791
1044 4989
1099 4490
2822 4600
941 3248
268 4381
4240 1007
3498 930
1044 2605
3849 3355
2345 1017
3899 511
1429 390
248 153
3903 4903
667 984
733 4501
3452 819
4593 3292
358 508
3934 3898
1717 3012
1639 2069
1234 4383
1220 3002
476 1152
2473 712
2496 2654
825 454
4594 1055
3494 653
1789 1892
4019 1970
4775 1659
716 722
3643 1646
2164 4352
1251 1484
2301 3063
2947 4000
4697 1025
4528 4753
4920 1984
4013 694
2794 1053
2031 3241
1174 1584
779 914
2968 2154
1425 3181
1230 4564
2266 2120
2295 379
3112 4013
1848 1765
4710 3837
544 3863
4767 3094
3816 2987
2110 3144
1346 3259
3114 2641
3375 3239
327 4094
3663 4941
2402 3715
4448 3617
1326 3550
1011 429
830 4090
3639 1932
2380 2995
112 3733
3745 3599
3716 140
4641 3336
2251 408
897 2436
1964 1098
441 3645
1933 266
3201 2841
2926 4236
4480 2868
4350 2179
4494 720
3401 590
269 2314
2627 4888
4734 1992
3245 4251
4327 3825
555 3251
3230 3741
3068 1452
2604 3122
4595 2998
3573 2359
3323 3697
3339 1455
1349 3653
4736 957
3751 1080
1679 4761
3797 2076
2941 3575
4296 1253
696 2600
2799 3027
4258 2546
1982 4726
4007 3222
2437 4080
4045 1544
2172 3239
1754 3580
402 3566
2589 1141
3968 2665
3372 1029
1956 2036
2848 1495
78 4633
4784 1996
3209 892
2939 3774
3334 4744
4679 3547
3363 2200
4919 4242
2041 3257
2514 2719
3005 723
4986 3772
2289 2724
1338 1985
3848 3121
2313 2157
1003 170
1480 1652
3268 1156
2579 4571
570 1933
3558 1439
33 4478
1311 906
3767 2202
2549 267
4316 3616
3815 3390
1014 1659
2381 3011
4609 3822
1575 958
2586 2555
1832 2672
4694 337
950 4665
494 3828
4506 1052
2881 3798
2322 925
3349 195
4681 3571
4923 1612
4398 1277
2378 3569
1886 1752
1025 288
3494 4920
1219 1211
253 2015
2479 619
3715 2084
288 3778
4025 799
145 4758
1360 3384
1239 4468
4172 2182
2084 4837
2252 4543
1727 3283
1257 4213
4427 4233
1144 1006
4788 2439
1247 1519
286 4615
4270 1622
659 625
4760 1000
3502 1113
4294 29
1157 1292
930 1936
4159 3876
833 4532
3788 4275
2578 4926
3283 4902
958 782
1255 3493
1735 1276
2284 1536
2340 3526
1185 3998
2777 1746
2797 433
3836 1269
1775 3
614 2060
698 3399
2229 3154
2741 4384
2692 3741
4056 1307
4499 3587
3962 1986
528 169
983 3125
591 2880
4820 4396
4832 1993
4454 3264
1858 3690
971 763
285 4898
4368 3161
748 4103
2935 3340
4917 2699
4197 2742
3509 3377
208 2352
1321 735
3472 2570
3894 2330
444 2445
4447 2102
4279 3980
2497 1766
839 2264
4266 4740
480 378
771 4866
3236 3381
1864 4308
1746 1813
3998 4967
3072 3287
1907 4378
3109 4191
360 1870
1839 1815
1622 2413
1287 4488
3752 889
225 728
2562 4652
2035 3196
3949 1945
2782 4544
3754 490
3667 4287
1566 4045
2270 1232
3378 3393
284 3376
2356 205
4431 4563
4786 2304
4974 1922
160 1699
113 3732
1836 1666
2506 1764
1668 548
4134 3379
2077 3672
1724 1374
1282 2135
1456 1677
3783 4691
972 1747
2311 4769
181 1282
2955 1469
3172 2411
4887 2603
3497 2422
3336 1033
4040 2288
289 1162
4680 997
866 616
3622 4187
2751 964
724 23
4837 1970
30 2175
534 520
3480 2383
1727 1687
63 2021
2474 4535
2373 923
2920 2128
509 3216
2989 2401
3709 2291
2956 4583
627 4411
4914 2022
1355 4159
4569 4118
3069 2988
3185 342
2815 4568
637 2670
3563 4428
865 1419
4283 1861
3674 4540
2831 42
3853 1047
4771 2489
1094 1200
4418 2375
2753 444
2543 1368
3525 4891
2761 4573
2151 4750
1181 2648
861 3399
912 4325
2553 2146
3016 1088
88 4310
3301 2408
3868 3083
1632 3385
3235 3169
1811 2723
1654 2774
2918 4661
489 922
778 2637
1368 2058
4139 1878
515 3133
3046 975
2722 1537
3547 3420
3443 2617
132 1075
484 1911
2966 2889
2580 3374
4479 2838
4485 1323
2594 933
2737 4457
211 4343
4153 3509
3139 1516
1018 4347
4630 2970
4781 79
763 3588
995 3872
295 648
1563 835
4441 24
3731 1285
1053 556
4988 500
1617 1629
4048 2472
676 781
1618 1033
1080 2802
3631 2977
4724 491
310 3018
1398 2264
369 2025
617 3817
197 3269
4577 2587
4354 1246
699 4055
1926 1821
795 4243
3962 750
346 2605
907 3488
1702 1491
3444 4376
2297 1633
1486 3721
3326 1516
4024 2690
4269 3382
1183 3098
4107 61
4741 3604
3656 2136
3691 490
2003 173
1487 4773
961 651
1116 646
2743 1186
3233 690
4450 4428
477 1348
1605 2865
1009 2659
2711 4873
623 403
43 3493
3047 3174
3020 1477
3766 3183
4359 4030
4556 4433
4700 4859
271 4550
4026 2036
538 3265
3428 3128
121 2701
3999 1147
2855 1967
4459 127
4967 2624
1515 2631
3034 3333
3076 3661
3271 439
4463 2846
2702 3189
1641 727
4128 4912
2730 4183
1148 1399
3137 2755
1333 1136
2386 2463
2766 4843
4021 2554
1469 223
2868 2442
362 2959
4948 2994
1979 2681
696 1170
447 2607
703 4860
4881 48
4688 2068
1530 2647
4098 3253
1571 776
1660 4424
546 4807
1263 4072
1945 4109
3172 2291
2824 3661
3605 1439
646 800
1076 1318
1280 3605
4307 4460
3142 1154
2437 3775
3558 2867
2864 3440
3156 2878
763 403
2912 2662
4179 1589
2105 4898
2366 3938
1540 1682
4644 4794
389 4873
480 3733
395 414
1188 631
3545 3543
4539 3734
531 2538
125 3842
4320 1867
1886 3295
1223 2484
927 1548
20 552
4166 3354
1524 3495
1763 590
3453 5002
3131 1583
1124 2871
397 1830
2209 1010
3028 2090
3649 2273
695 2333
2990 2313
1393 338
4084 1974
3228 1486
4317 2523
2259 3860
3662 1554
2336 3254
59 1768
1491 518
1270 2460
1523 2934
2188 4402
1317 2748
4946 2232
4425 4607
32 828
4695 4114
1569 2973
2286 3763
3325 2872
3343 1658
2776 3007
4560 4657
4417 2391
401 1031
1436 1019
1383 2431
4003 804
4710 607
2240 4687
1056 783
1332 3735
3866 3614
92 1398
1310 37
4926 1613
1097 3453
4791 1525
3615 266
1752 4050
3829 3338
4688 99
3515 1261
1215 737
4724 3899
3928 4264
2026 3947
4565 2301
4778 2006
2078 4812
4928 3476
1234 1224
4939 4690
2769 2859
4110 3151
566 1670
1924 2812
2874 3636
2452 3491
363 2326
4008 1324
1618 2082
3088 4741
331 1281
1693 2267
4757 583
3757 1764
570 2782
1012 48
312 2529
1229 1552
926 1313
2355 2633
2899 3287
3148 3553
1574 4601
214 448
2521 626
4715 788
2023 1599
3021 896
3807 4195
827 1043
3916 542
3886 4717
209 3537
4218 851
4684 2781
4157 4788
1841 1639
2510 3584
169 238
4537 4945
1919 3224
755 2356
3891 4988
2788 3779
2165 3773
36 3581
3660 2350
4066 3637
352 3987
2149 71
1692 533
2021 4369
382 967
1209 560
3246 4634
1512 4356
1809 1870
4351 3365
2148 1193
4922 4213
4079 431
260 114
2050 2462
296 4372
637 4659
1320 2331
2943 2942
2068 3236
4311 760
1574 4627
2653 4980
4615 1132
3758 4443
2418 1421
976 3936
1906 3948
3679 4557
965 2697
961 3237
3574 1013
972 4016
2683 249
547 4642
1317 3082
2326 2567
3278 641
963 1296
4599 4671
147 1223
3146 3888
1568 107
12 510
2287 2453
2526 3577
3577 4509
2991 55
4841 1792
4973 69
1510 904
383 3829
100 39
2745 2705
1532 1599
1252 526
3519 2033
1479 4424
2031 3727
3845 260
3913 3621
787 4323
4523 4119
3832 1095
1711 176
2931 2535
3634 1367
3291 4839
2399 392
2199 603
3598 4098
4401 1021
813 4010
3663 2190
2484 4907
2407 344
2653 3609
1125 4645
2620 3543
1900 4916
3764 1959
2882 870
2131 4034
1961 558
3957 3842
3459 1678
837 4060
2447 1828
2224 3888
1580 4248
1199 2571
3789 431
3029 2520
1304 1609
2207 3415
2660 3633
4597 2606
4885 4043
505 1674
4263 1781
3867 1450
4023 819
1185 3150
1396 1124
3825 1171
4002 1485
573 2369
238 766
4455 4286
4371 2397
1529 1895
4621 3971
4907 1458
4816 3017
1100 2284
299 3508
3970 3627
3669 4535
2704 2611
718 2094
4721 3632
4390 3640
4779 1259
2412 1594
4545 3070
198 688
4527 1154
4800 1938
3460 4334
374 1869
4205 2647
4866 440
2152 351
65 3807
2990 3827
3700 1488
3228 2416
3613 1440
1787 219
4538 3893
3214 4518
3933 1201
1291 4120
31 1366
3665 236
3008 1448
902 3703
2455 2389
60 4145
3521 4635
1918 2816
1611 3333
2738 2134
3235 865
980 4094
2262 1474
1297 4530
4377 1765
144 2736
2633 295
597 83
3033 3032
3298 3871
4138 3322
2766 4971
139 2616
1492 1440
4169 99
4170 1797
744 4102
4413 3694
2859 413
1019 4621
618 1259
882 3978
1420 519
576 1023
2732 2100
4070 3619
4284 2838
3417 2423
2486 962
4001 2862
308 786
4667 2900
189 1117
1816 4
1829 3988
1763 2607
1937 4176
747 4208
4718 1335
3813 4368
2602 2904
131 1542
4274 3719
2253 3255
2949 54
63 217
4595 3478
1801 1292
2363 86
769 3511
4662 537
4098 1164
2209 4927
1049 1663
781 4842
1403 1917
464 989
2929 585
4227 4032
2018 4079
2266 3086
1437 2497
1235 210
4743 260
4510 798
3 1361
4785 978
1942 320
3964 4152
1712 3978
377 757
1893 544
3794 3519
1369 1509
2053 1709
4246 4193
714 4455
981 4404
4117 3380
482 1750
518 1193
1771 4317
1709 1896
643 4360
1547 605
2962 3581
456 3360
1316 2790
4547 2117
167 1705
3954 501
1865 305
1711 1413
628 695
2147 1397
4260 3038
2477 1778
4583 4521
248 2303
2050 1466
4104 1340
4493 1299
2836 1511
1220 3619
1219 2365
1030 2556
1069 2280
2623 4330
3297 804
4387 4103
4497 4865
2041 1006
3911 283
4883 226
2621 3435
3335 655
2665 3833
939 4310
4579 398
1301 1499
3769 3214
3506 767
1703 3345
2962 935
251 4894
1663 1868
2494 4963
1042 2526
1631 3422
1146 3583
2801 4546
1417 4430
2388 194
4186 2854
4501 206
4282 150
3586 4744
3931 3613
4065 2116
4158 4666
3044 1991
2126 4872
2566 1792
3700 1598
1354 4790
1202 2714
4209 1416
2682 2684
3200 3195
1161 1075
1077 1330
4640 4210
3219 2739
3120 2124
3369 3433
2540 3059
1606 3071
104 4411
2346 2727
2239 845
3040 3717
2724 2338
1848 4180
1745 76
291 1713
3821 2669
1312 3831
3424 4163
2311 2044
3338 3709
1785 1443
322 2893
3263 2685
1438 2676
1046 4185
4608 3302
4737 3430
307 4647
1089 754
2071 268
2242 3499
188 2978
1955 516
2792 1496
1660 704
471 2999
4712 1627
3873 1225
1862 3564
2315 3189
4085 855
2193 2750
4028 384
1266 1899
1513 57
327 1677
4009 3324
3689 1361
3491 2293
3950 4692
4099 2600
2546 2509
499 4880
2645 4086
2518 434
1930 3789
382 2329
4610 1050
1732 3915
2831 4182
2223 4956
1743 2536
1672 4812
1615 2168
1306 4995
2086 1370
2461 1890
1677 4124
3462 3355
4397 660
2255 2111
1763 2694
4450 2967
3266 388
692 3118
2458 4530
1069 4288
467 4664
1391 682
920 3223
3630 576
4335 4243
919 1037
1347 1600
91 2192
131 1062
2858 261
3729 1093
3345 3608
3665 3852
2109 493
4156 2638
2800 2004
4905 1818
1881 4905
233 4133
3591 2365
1777 307
2972 3108
3284 1067
2033 3396
810 3848
2332 3469
577 3853
3757 1433
4387 246
2258 1535
762 1267
274 4570
3013 3188
4846 4328
1424 3303
2139 3671
1706 119
628 1038
853 3531
921 2244
3544 4633
1640 3956
4441 4089
3918 4829
1908 2400
593 4781
1791 256
3490 3455
1226 1988
2628 638
2744 1898
4449 536
687 699
1068 197
2563 3341
2564 4034
4942 32
4111 987
3933 2269
2953 1527
2143 871
527 4563
3162 1262
1826 3692
854 3277
2181 1842
2666 1626
3636 1283
4302 4724
2059 4992
1750 4029
1546 2761
2159 4342
392 3046
2997 3185
3419 4496
125 2376
3707 3775
117 3793
120 386
1965 1481
2982 440
2238 1827
4346 2840
4194 455
843 499
1334 773
4525 3175
1485 3104
4810 698
89 1051
2405 249
788 2035
40 4661
747 1686
4731 3322
4994 4142
3915 1536
2227 3347
621 1676
548 3171
517 4585
1957 3006
3740 2132
708 4043
2998 1076
3876 632
3457 3599
1775 2527
1635 3799
4232 2696
3951 28
3517 2129
2832 3808
640 3895
1221 2805
4437 1405
3639 895
3331 595
2052 711
2237 4685
2475 2705
4495 1211
3124 4198
1472 4065
3180 3022
2501 262
1981 2344
2692 1570
3064 3766
2463 489
4651 801
1862 2020
4730 1432
4164 436
235 2156
3094 2916
3479 3296
4263 1422
567 2277
3362 1728
2067 3753
3636 882
3562 4914
3159 182
1629 1786
2316 3862
4093 4399
1307 4122
110 4714
270 4840
1925 254
4002 1973
2210 87
1931 743
678 2631
3353 1694
994 3641
959 1331
1026 3069
2944 2889
1828 2005
3261 410
1264 1066
4859 1279
706 2302
1846 1249
764 3304
2257 2916
1482 4613
415 1166
4304 4883
4148 731
2892 2975
559 691
3883 2231
1915 2906
278 3675
4753 929
1070 1788
4052 3103
3382 507
636 3473
4958 3951
584 4529
3287 3397
187 1717
3105 4993
4444 2860
4868 4696
1893 3407
428 3231
3520 431
4321 924
3601 1114
4762 2330
3977 3168
4572 551
1230 146
4574 180
1589 2162
2590 4283
2321 3240
1700 3291
4968 25
1245 356
111 814
1835 1719
5000 3898
3132 2348
667 1387
2499 4703
2915 1601
2342 3115
3885 4116
874 829
3073 3202
506 764
102 4419
3487 4020
3442 70
297 1729
3347 4982
4214 4975
3583 1384
4749 2087
2465 1816
3800 3115
1262 916
3317 2581
2300 3666
1562 4380
1863 552
3052 3892
2670 3217
4485 1241
3146 937
4430 971
791 3776
1843 3140
1987 1237
2756 1568
304 1181
3199 3762
1174 2771
4105 992
4166 973
3938 298
3344 55
3478 425
3300 1306
845 1475
3089 4465
24 3940
35 2671
1855 2561
4502 4580
803 2598
4951 4391
3879 47
2652 2580
50 683
1623 3843
4911 3021
2804 2504
3728 654
1968 3145
2813 1063
1059 1360
3403 2786
3958 4177
1063 2959
868 3482
3559 2530
3449 1820
3572 1555
1938 4789
1539 1800
2051 332
3817 1169
4558 136
3803 2023
2071 2258
3810 3552
1749 1183
274 1582
3161 3937
4210 1902
2738 2823
2361 1732
3305 269
359 1107
199 1404
3998 612
3851 1934
3780 4378
1300 1441
3080 3680
4021 4734
1301 1322
1148 1991
2754 4587
1125 986
3950 2548
2717 2204
2106 4909
2441 225
4253 1544
1056 3103
3101 898
2550 1525
2812 4337
3282 2557
496 1153
1597 124
2081 3078
2387 4728
333 4851
2187 4617
4334 4738
1412 1672
375 4985
1887 1086
2072 3522
4293 4018
4174 4833
2175 4341
1535 693
1061 985
2141 108
4599 240
1680 1785
3226 1643
1971 3061
1233 4906
394 4591
2890 4601
3413 3595
666 4645
3364 2869
2055 4525
3290 3874
1352 3312
2745 135
2757 715
1731 1187
4286 4629
1625 606
4655 184
4503 613
1034 4366
2108 3777
903 4165
4524 405
2516 3408
4304 3612
1332 2402
1151 3174
4955 229
3827 3290
1308 740
4711 4504
4761 2632
1971 2579
3673 478
138 806
4777 4623
2347 4242
2263 1730
4264 1243
1091 1498
784 2798
3718 1228
1739 1357
1150 1901
1532 838
1741 516
2975 1484
1605 4553
1497 4557
508 3492
4606 4085
2392 2711
3860 4818
4184 339
1473 1051
3204 4825
515 1805
4173 275
4746 4128
645 4987
2262 1022
1941 3795
824 2335
313 4453
4310 3835
1423 2734
3020 3765
461 3658
1435 2789
1095 1149
3815 301
1742 1066
1240 3470
4672 2221
592 4631
1251 3575
4711 4228
412 2598
363 4257
2494 3517
3309 4849
3504 4457
1184 2897
4860 4342
4288 4233
1739 316
372 2802
3270 3607
4346 1837
3919 3449
281 1315
700 4339
2651 3813
2294 4897
1303 4443
4575 174
4241 1710
252 4849
1946 504
1607 4548
4303 1897
4099 4545
4639 2249
4512 2153
940 3160
2314 345
2487 3568
259 4438
4401 141
1607 853
2165 1838
410 2780
4050 4966
3211 1488
4892 4051
3160 4375
3393 641
1642 4590
849 2331
3004 4855
3847 4957
563 2957
58 2104
794 3102
572 1884
2628 3992
3579 2362
4747 3169
2091 1795
2528 11
1205 2227
1371 4518
2596 1424
2917 82
1081 3086
2906 1729
4060 4013
1975 1222
3480 4400
474 421
1448 900
3980 3206
3313 2573
581 4901
97 1514
2382 3356
1894 911
4019 601
2101 4405
1700 4285
1748 4319
4235 263
2009 1817
2166 3875
399 4066
1472 2268
2161 4429
2398 3952
2329 968
2133 4941
4964 1296
3423 2040
2126 3505
4492 2921
4428 4022
1102 4637
4090 3318
561 1115
4225 2278
1130 4408
2910 108
3456 539
3186 1102
3514 560
4689 4566
985 3737
2400 8
2923 3055
3703 1885
2435 1002
1790 4171
2384 1604
3288 4516
3560 138
579 660
3760 2929
308 137
287 293
3343 427
1336 2672
891 3001
2086 203
186 2289
2571 1450
1011 137
1432 4035
3904 4544
3776 434
1396 574
3912 4326
2151 3762
2932 85
859 3327
3559 2653
1417 1446
4205 1587
2680 1035
2170 160
3387 4946
4472 3068
3991 2887
4977 2391
1175 3497
3220 2904
4479 4620
199 400
1514 2833
3130 1620
3893 2495
4722 4529
672 240
3538 455
453 753
165 4915
876 3358
3155 2255
1680 765
815 3684
4682 1470
3562 2661
1389 2748
3867 4778
4057 1549
447 1162
3975 3934
4077 314
786 4960
4464 1889
1269 1397
3396 4208
521 3687
4956 3946
1063 98
3979 1015
2483 1003
1280 2028
2271 3664
2533 270
3007 948
4239 4108
376 1909
3273 3074
84 4833
4546 2366
1503 4417
3890 2144
2678 1924
2889 3484
3542 559
3081 4507
842 222
1133 4138
4039 284
4244 3628
156 987
4321 4305
1284 3065
4664 3015
1045 1213
195 3304
1031 2276
3413 2039
1550 1177
1669 1376
2299 3983
619 4018
1303 2406
1425 208
402 2457
1820 233
3687 493
925 1616
624 3610
2768 4976
843 2466
4742 2865
792 3438
3124 2048
4483 3460
1681 4310
3412 3431
3224 317
2297 31
1923 4853
630 2781
982 1631
2956 2522
2482 4500
4289 347
2449 2796
2448 426
2350 4900
1035 4005
2566 2021
371 2895
3584 2160
4154 1811
4181 4919
1644 644
4819 693
955 4132
115 1248
44 277
3215 2073
1027 3890
942 1445
3167 3093
2525 2339
94 723
186 3907
3095 21
3439 816
3197 840
571 681
3105 2646
4348 1147
1403 3097
3514 2205
1758 311
85 170
2308 122
4673 3268
2429 191
1673 943
3870 2810
1859 1111
2907 2258
1399 951
3418 4062
1208 2765
3570 2468
2656 1699
4147 435
1120 3753
4204 2801
639 3118
2378 3668
2879 2717
3900 670
514 563
22 2788
4430 1091
1662 954
4785 1462
2164 686
3901 153
685 1805
1117 2791
1321 3018
2903 3199
3245 4487
721 2942
615 1320
2370 3755
3943 1017
3277 607
2083 1761
3929 3737
3670 4120
2837 520
16 2901
2827 647
1610 1751
4019 4124
1325 1720
2892 1373
1352 2878
2588 166
2898 3826
2829 1623
1548 4275
4563 2028
2239 1005
4482 1481
1286 3307
91 3178
2235 1454
4729 315
2752 1008
1142 422
4140 1689
2323 4822
1616 4260
281 4750
3092 153
555 617
1381 4026
1040 1145
3487 928
4223 302
3711 3597
1582 2556
1406 1940
178 1661
2822 2425
1027 3259
4199 2080
2319 4156
4189 2809
2377 765
3246 113
3784 3377
4612 1274
4526 4157
70 3150
2643 4439
3154 3063
380 1551
4846 1456
1214 2826
1769 1437
2977 2655
3889 1373
707 3891
4818 3537
3779 1581
4220 783
4890 569
3931 417
4732 3398
4551 4933
2395 1949
3744 1920
914 3072
1654 3796
3088 1861
2971 2197
2905 4631
2338 4996
1166 4897
4820 3582
2063 3131
883 4652
2383 4511
2572 2618
3408 3300
3690 4940
860 2004
4245 110
3384 1175
4083 2257
3926 1029
1646 4802
4356 4742
4010 3693
2015 1168
3027 2487
4862 881
4012 370
3142 3003
452 3901
2467 3492
2591 250
3942 3608
4162 3451
2406 2510
2593 1698
1098 2202
4934 3856
897 4616
966 3416
2947 4948
2169 2908
655 2404
1772 1284
463 3040
3546 1577
4989 3106
1791 4395
2914 1824
671 457
701 1121
4749 3119
483 4322
497 3750
2493 751
4279 1972
2206 4071
1888 1072
481 2346
1974 937
2212 1953
3213 3728
3897 1573
844 2471
3829 4745
1119 2708
797 361
3679 271
2524 4650
903 2842
835 1738
4197 2866
2222 3000
4188 857
2623 2346
3710 1534
4839 4777
130 3077
2033 242
2408 1534
2568 1351
1385 2765
4361 11
4389 2686
2158 4355
3183 1285
1212 1135
4858 867
2817 4207
3738 1653
1520 553
4435 1781
15 2178
3060 4112
2656 1376
1482 1759
4101 2027
2833 2389
1087 4582
2952 921
4821 2985
4 3488
2820 3838
3869 2236
4585 562
4364 1341
486 2020
1197 1476
3787 2011
4843 3719
2964 2940
1208 4067
4084 2560
1736 4962
216 4975
1441 1297
1795 3638
3958 1326
2537 2005
3029 4399
711 3838
2726 4990
3567 4429
3647 4540
438 3294
1807 3635
214 4974
4322 2302
893 4800
1214 2973
2063 1726
3441 3886
4298 2675
2873 2972
1521 104
4925 1329
1327 177
3026 3541
1110 2886
2985 3309
3841 884
727 203
2184 3802
1993 2058
1351 4555
4870 123
3471 4367
1132 3391
1994 2772
4338 4813
4486 3153
497 1047
404 294
3861 1758
2491 2808
2558 2196
3940 4921
2767 4165
4420 4239
3606 3668
4423 2424
4725 4489
1236 2835
1202 4094
3315 1934
4706 3254
3177 3291
2657 3886
859 2597
1349 470
265 1256
296 540
4691 53
3476 3774
2695 3216
2718 641
2637 772
3334 710
4844 4041
4117 3048
3586 4196
1364 1315
3643 2992
2375 2661
4734 189
575 2476
889 2047
2621 1299
4357 1113
4684 533
2396 3598
3824 2214
142 2709
3310 3260
912 2600
2583 3811
4502 4376
3121 1819
2087 732
3031 3275
1803 4306
4082 3520
2 2753
3145 1465
2234 4477
3489 4916
598 1304
1701 538
3947 1649
4218 2883
6 4365
3783 4407
2514 2711
3589 239
4686 1465
1759 3841
2639 4412
3311 2056
3051 1418
2434 1921
1107 3067
4222 3157
3658 1554
3096 3677
589 3718
483 668
734 184
109 1905
2008 219
3859 2089
4466 2409
4591 2839
4067 3821
4590 1914
3170 1771
529 4065
485 3384
4515 1685
320 407
179 2857
2795 3571
2452 102
435 3299
1514 3337
4853 3498
338 3609
3881 4449
4927 1459
2841 1312
325 1143
509 3308
3030 4121
1943 2924
1184 3351
1756 4294
2448 3292
4295 1383
4823 1372
3286 4093
255 298
3447 321
4415 3557
4339 1528
227 2476
4111 1504
870 1378
3312 61
4628 1492
3117 2370
713 143
3092 2594
1579 3751
1503 3450
1467 4332
151 3512
3602 403
3481 3693
1768 1829
4192 3252
1959 1858
670 3395
680 3483
4220 3824
2835 1739
4332 2936
1032 4614
2554 1197
4345 2305
1449 1714
418 1375
1912 433
4102 1442
767 459
1455 2690
3060 2479
486 4795
946 3699
4542 2775
1013 485
2194 1782
920 2555
4088 750
466 3557
4100 237
4648 2093
3460 4215
2937 2787
2010 948
1967 1207
2093 337
2381 3777
4204 910
3431 4116
3654 3535
3775 541
979 1341
1239 954
2055 3963
3176 1625
464 2059
4492 2274
1796 1562
724 3221
2984 362
2060 4779
4436 4652
4015 4959
2347 3657
159 3604
2639 2358
525 1303
3563 2740
656 1651
367 4017
2246 4155
4522 3924
4073 3929
4671 1488
2867 3248
561 1995
4143 1648
165 4074
3279 1935
2552 1566
649 4647
4755 1902
2706 3570
4900 2748
1112 759
3247 1730
1302 3402
4627 659
726 1982
3019 1545
1627 420
2544 938
4292 1583
2721 336
435 622
183 4527
3903 2927
4951 4419
2620 9
4372 4184
3173 1393
4812 1689
4861 650
1428 904
202 227
3523 200
3255 4732
23 513
1305 465
527 2376
818 3165
911 1287
126 1435
4224 3138
255 3002
4471 4796
2958 2127
2642 4392
3042 540
1856 3221
3939 4454
3640 4526
4984 4442
539 4733
3433 460
3001 1737
2924 1242
1427 212
4443 4042
1976 3836
3373 4190
4422 3680
4681 4153
4748 640
4395 220
2336 4280
1742 3698
1140 2569
191 2219
4344 2424
886 1030
2474 4171
726 2429
452 2198
2762 990
4725 2567
3089 591
3369 3050
47 2489
1715 696
3125 3338
2851 10
2899 4925
3923 963
4083 4793
1227 4210
4500 4160
1543 4340
356 2513
1167 485
216 3425
840 1847
4122 3764
1882 2188
4464 488
2902 3353
1245 2174
545 2686
1395 4954
2374 3106
1519 473
2518 4445
4410 1826
1150 3045
1196 4589
4930 3538
2585 3769
136 4854
1322 3922
4354 1664
3914 2270
4262 148
543 3383
3122 2713
876 4175
3111 4554
4078 379
4763 944
2174 4265
287 1571
487 3543
4962 1079
328 4978
2691 1380
258 1778
4406 2031
1939 105
2428 2261
653 3495
2183 2290
2492 709
3400 1668
2693 4751
4145 1535
2698 2996
3318 3158
858 1061
3937 2279
1326 3659
502 322
4850 2677
3110 2180
3530 4463
1191 4978
1020 1247
228 3242
4801 3644
3849 432
4438 2759
3346 1402
2372 1545
4598 51
4562 3133
505 4031
4434 3880
1770 3905
3328 2178
1946 1316
2138 797
762 300
4841 4678
3648 103
643 529
4508 4071
1708 599
258 1134
3695 3280
3420 111
4271 207
222 2919
922 3168
2228 341
2752 2161
3897 96
3598 2410
1088 73
4729 4834
642 4462
2156 3045
2247 2703
677 3066
4953 1163
3851 3595
4435 3456
307 406
3155 3117
357 4993
1335 2042
4782 324
1495 1951
4772 2163
3795 1898
2959 1547
2936 4278
4709 2609
1992 1254
345 1810
473 4805
250 3484
4588 2849
380 1104
442 2673
273 1496
1152 2027
4199 3022
1872 4719
4663 2981
4564 2806
4878 1606
2818 125
3632 910
128 2243
4939 3999
3726 3116
4966 2310
705 3765
2433 1086
4470 1987
354 1207
3877 3666
3579 107
1702 75
3981 3723
2062 1512
4300 3758
1070 256
2157 2002
830 746
4247 3671
4072 2826
2783 4392
3257 3855
2507 4961
3600 2208
895 1180
87 748
2403 4752
3064 4705
4772 1638
278 3573
4918 2532
2519 2585
705 3648
3580 4868
151 4592
1550 2439
4574 3540
1578 4808
302 3966
665 4666
4124 966
4373 1364
1585 3273
3528 1527
4654 3782
3878 3445
2351 4451
3004 3536
2550 2024
2926 2640
1072 3340
869 4815
2324 3620
2133 1067
1592 4657
3820 2327
1956 4042
2561 4307
4808 3730
3187 3611
3192 3084
3321 3162
806 483
3136 4588
3289 3196
2843 443
4705 4035
2456 4798
4460 4359
3341 3065
2204 3761
3770 692
3379 1721
890 4832
324 4548
1687 2552
1665 4647
3262 4943
2946 3296
2043 4708
3905 4017
568 1208
381 103
3975 4281
1656 385
193 3143
1766 2415
4386 4811
2025 867
2821 3385
4876 542
2848 4922
3738 1539
4037 2272
4054 823
1823 4230
2679 2212
4221 2460
1374 3049
3685 4952
390 2712
3152 3193
4106 598
236 4351
3642 67
1576 46
4246 3439
4027 3097
1161 366
1346 53
2309 3620
2817 2245
1353 1475
4452 4483
460 3706
4097 600
3426 2308
1528 348
578 4803
4910 4494
846 1108
3411 4798
4267 4437
4161 2935
4446 4676
1386 2195
1807 4932
2710 531
512 454
4735 2215
362 2082
2490 2398
697 492
4022 919
1747 2273
2644 3278
652 3926
4465 1204
1822 3896
1042 2577
651 4097
1586 1753
4358 3466
2860 2533
172 2757
3966 1955
387 224
1319 4253
1707 279
4965 2450
1195 3985
1969 906
1078 2061
88 2716
4250 2622
4365 2099
196 1928
2630 1851
4604 1579
2349 3037
2103 4422
2971 1431
2237 1188
2459 1906
3837 3625
3859 3830
2796 684
3652 789
4110 1525
148 964
2790 327
4665 3164
1650 1352
1804 2104
1408 1938
1831 3039
1808 3991
4536 4828
1923 3212
2577 4537
1966 4277
2820 3659
2774 4091
2123 3244
2373 4379
276 4402
3128 2218
3496 3438
1714 4642
596 2864
2162 1688
1864 2034
4076 4173
158 1577
1443 3800
155 3427
3120 2742
2750 2520
4667 1192
316 1614
839 4161
2496 2503
1669 4997
13 2433
4445 602
4137 1111
3010 2525
3389 2485
280 1725
3124 3732
2482 2016
1298 3087
2500 3601
498 2318
4141 2068
2778 2321
969 2379
4682 4076
4973 3623
3483 3319
808 4549
438 1252
1068 1144
4318 2850
1907 4247
1652 4863
4795 3652
4167 3330
1976 3434
3892 2840
4936 4047
1960 3549
3653 2079
3454 4823
3633 67
642 2825
3232 3410
4598 3996
1675 292
1839 1337
2877 1710
4440 4880
3415 1738
2028 3158
2155 758
2300 2535
3117 3820
4847 3714
335 3721
3804 3872
251 1513
2517 1115
732 2714
1024 1473
4040 730
1363 2412
2858 2969
1567 1497
2262 4497
1334 932
2388 2320
3801 2731
3460 4603
4677 2961
2121 51
3357 1653
3502 2241
2249 777
4426 1311
2059 4961
4167 716
1740 537
1077 4875
413 2314
2160 1508
1024 2503
3725 2965
2320 573
4261 2471
3712 729
303 2834
2547 4559
2153 2256
4049 2083
3673 635
4639 4624
1250 2691
2478 2308
4287 1613
3326 2995
1615 323
3713 4850
3213 2700
1201 4163
2873 2430
4327 2698
2738 1120
235 1716
3203 2461
3028 4952
4379 4381
2575 2772
3130 3749
2799 3143
908 400
3811 162
4353 2982
2342 3281
4857 3052
1377 622
3759 3181
1210 2268
3995 3435
1038 2137
4397 2225
566 141
4374 61
2655 1300
4058 4515
4499 2288
1941 4560
1650 3720
3688 1236
1806 3056
3591 201
1263 3025
2654 4440
582 4319
494 4200
4740 1345
3611 424
1118 3313
2786 3748
1553 2442
1670 2958
1020 4729
3965 2650
3941 4618
2122 4444
3258 2570
730 213
1925 4581
4829 2303
1846 3085
3572 2231
2473 820
3349 4280
1604 4658
2185 2085
3616 584
4146 1177
3617 2426
4453 2730
389 3582
4005 4023
512 4129
3696 1224
1796 2327
2850 154
1641 1157
2228 3252
3970 2488
4123 2437
1625 358
3381 4127
4409 3586
3400 3064
2762 420
1198 2551
428 1381
1745 608
1407 3845
3490 2610
2529 3875
4293 1470
4739 995
4602 2576
2276 487
4970 96
3818 1095
3163 4620
3405 124
4582 3856
3956 2233
2269 4555
4124 4825
2689 3132
3644 1635
178 993
2974 4469
991 2394
1172 3988
3179 2511
2112 1812
133 3950
3267 3500
2405 1975
2380 2688
4674 2963
3144 421
4618 742
2746 2712
3350 2667
2446 3043
4930 2804
2230 2595
4625 3024
3542 2419
4630 4805
4218 81
1724 105
439 3014
2256 1844
3952 4895
424 3107
2627 3935
2949 952
1950 157
1024 2118
2 2456
3108 731
422 1155
2000 2836
2884 980
68 4853
4276 4838
2204 3902
663 1684
3348 1291
3250 2094
276 4211
57 2121
3249 3421
2291 945
452 2149
2993 3398
1733 1178
122 4448
913 3079
4517 3406
1812 309
1405 4680
2918 3064
2875 4509
4702 1231
885 1584
2393 3920
734 4436
1256 4421
167 4687
1099 2186
3750 1119
1696 430
4776 354
1972 620
817 1081
2954 450
4222 2348
3858 4301
3383 2743
4880 909
4248 2519
1082 2465
969 333
634 1718
602 3585
1981 2246
290 3411
3731 4119
17 568
2226 1290
4026 1314
981 4763
831 1877
4217 1340
375 2069
1197 717
3955 1421
4991 2115
2293 1510
4658 4879
760 467
4113 257
4882 2771
3917 4701
1480 3714
1762 2674
1821 974
967 1473
28 973
1471 1774
227 709
3479 4118
1894 2304
2185 1831
1637 3233
2307 1559
1590 2193
3113 2991
725 3871
3501 2893
1041 937
2194 3539
1872 898
4568 1085
1040 2952
4201 2572
71 530
1001 3944
2729 3424
2469 850
1372 306
3729 3812
4931 175
1691 1478
615 1407
2839 592
2200 2092
118 1139
2608 2169
929 2217
1611 1943
1814 2930
448 2283
2081 4164
3911 823
649 1238
2559 1444
3689 1203
76 2256
3922 2957
1725 4301
4133 2678
3785 3691
1768 4475
3530 4995
2728 2103
1160 3521
369 1087
3362 1772
445 3720
4889 4289
19 3518
2951 4216
4936 3626
2809 4181
4768 1493
469 2051
4683 3212
304 3561
1180 1339
1477 1411
3522 63
1776 4089
4240 1490
1841 746
3149 2227
2450 3770
3071 4336
3357 1576
611 1314
2692 863
1621 3669
4150 2773
2444 231
4466 3274
318 4490
1606 4881
4296 2287
1046 2575
3058 2632
4081 442
802 4189
2595 3846
3147 2275
1806 52
1543 4451
4313 475
1754 3238
2666 4801
4696 1671
3458 4683
874 2775
3380 3973
4053 1675
4861 4912
4908 3442
728 3553
1919 2155
4614 19
2549 2528
683 2920
3969 4268
344 4476
1313 1128
4635 2504
2061 2797
1269 2443
3077 1146
1734 1937
4205 2832
2524 4068
3474 610
227 158
2911 3266
778 4160
4669 4713
1524 2914
1954 2339
1751 1718
1869 3976
1267 586
1569 2922
869 4710
2064 1654
3434 243
1429 1899
491 2944
1244 4796
899 172
4475 2928
2427 875
2687 3739
1109 4698
1478 397
883 4193
462 129
2337 365
3524 575
3297 1883
2891 1790
1888 3227
2663 4674
1891 2432
2741 809
1176 2980
343 825
2466 669
1565 894
4616 3436
2147 1914
1526 2171
577 4921
4694 1561
401 1531
2505 758
4077 3536
761 988
4755 915
864 2819
2986 4740
1506 2309
785 4355
3331 1347
1896 2721
1504 408
2310 2085
755 339
3477 2880
3513 2116
1464 3443
1348 2312
1283 1553
2776 2427
689 4965
3794 4643
2106 2238
1782 2146
4945 1328
2057 1868
4998 1701
4792 3361
100 4274
2834 40
393 4230
3868 685
4901 4888
2186 106
395 4191
1787 3723
34 1518
2887 231
687 4786
2120 4415
2596 3832
2888 913
2337 4815
3161 4531
2636 833
3486 2458
1250 4397
128 1231
3688 3261
564 2845
530 3170
1998 36
729 4957
4693 1350
3943 1050
2399 1969
1085 3835
3423 4484
4935 1382
2454 3253
326 4028
4129 2615
3673 2417
931 708
4987 4938
832 1588
4828 3657
950 1409
3030 2054
1602 686
1871 2294
2823 1028
4854 3945
3389 4624
279 2244
4979 607
4484 2875
4363 3610
3706 98
1220 2016
4797 1594
2469 1327
557 852
2778 4830
3062 1522
1181 3359
3568 1767
2954 1278
2254 1857
1696 1642
182 459
1756 4773
220 381
1129 355
3076 4292
674 2684
1123 2915
3819 4784
1939 3548
3844 3200
116 2814
4075 213
3872 908
773 2791
1667 1
293 3959
4959 2177
718 962
4844 2928
3321 2703
3515 3258
2582 2872
2434 4666
4385 1101
4427 1570
4146 2576
419 4059
738 946
644 1362
386 4446
1141 1093
1777 4865
1237 1681
3085 3887
2282 4654
1951 855
1078 3352
2334 1457
4836 3461
2517 3178
3032 856
2732 1879
273 4896
3982 1692
878 3517
3654 3526
1885 2603
4137 1442
891 672
3552 114
703 3724
3047 4958
3023 2983
177 1160
3913 662
4162 3939
2223 4406
2358 1731
17 4014
2438 733
4114 3467
3316 2180
4969 2735
868 4134
2325 3772
1670 3366
4029 1833
713 669
416 1324
1755 1929
3404 4523
3066 821
1181 1048
1345 3276
1494 115
3761 411
3593 2948
3129 2163
863 3206
2895 1421
81 2327
4745 2260
4003 714
4792 2428
1763 2018
3043 328
2536 3816
4375 2346
4252 1079
706 2253
2140 1990
2415 332
2167 1511
4012 1058
4459 2904
1358 1195
2298 1394
675 4733
2367 4003
3701 940
2515 2584
888 2696
1686 2355
879 893
3159 4315
4704 3989
1092 1980
3642 1323
226 4362
1156 4636
2187 3281
3704 4032
1212 2852
3432 4203
1690 513
3743 1215
522 2183
829 2599
5002 2792
223 4030
749 2353
4723 3166
3302 3847
2830 1074
4271 881
4827 461
427 2933
1825 579
448 3475
2983 2265
1845 4125
722 745
2966 2592
221 4707
2740 152
1090 1189
439 5
4258 3031
1801 4831
3262 242
4938 1986
416 514
10 1138
1610 618
1810 3881
2158 864
4780 3401
2808 4209
146 3896
2723 588
3791 1206
1293 3271
2784 3992
244 2299
4593 3959
2338 149
1950 3533
1354 2758
4814 1853
3328 2145
164 1773
992 2247
4472 3786
2499 509
3843 3225
1392 54
41 4014
1538 1227
955 4793
2012 1459
4634 4607
2922 409
414 737
4458 1273
4400 2032
4345 790
2440 1874
2281 1356
2360 4550
3280 1173
613 27
4838 629
707 4456
4333 2066
1595 1540
2350 1658
1060 3249
3655 1084
1572 1996
3782 3042
4324 1903
449 4686
852 4168
3437 3485
330 3298
2513 2890
2759 3756
3727 1655
4185 2414
3465 536
749 623
4350 970
1962 3541
3287 2216
7 1206
4689 2622
3070 2583
3376 4556
3919 2674
4827 3090
636 953
1103 1254
2463 634
150 4127
1289 2615
4390 3503
4309 3844
1168 2545
399 30
2852 4728
1225 2910
148 2709
787 4852
2248 3485
3429 4754
1533 446
1743 1427
1415 4234
3087 2869
4886 2819
3414 807
4458 1210
3348 1879
1827 702
2420 3831
1143 3513
608 811
2611 4277
372 4878
476 2221
1194 3414
350 4943
3234 1803
1833 2893
1908 574
2088 600
665 3317
187 4532
4706 280
4215 4290
314 4954
934 1815
3314 349
915 2950
2286 171
359 2673
3620 2070
2815 2736
1900 4524
4073 1735
4915 3394
4726 1338
2422 2534
3596 1406
2592 2436
3282 4824
4999 484
3229 2824
1343 2625
4669 4508
157 2501
2640 1198
2333 2537
2225 525
3627 2512
3374 4046
3289 4524
1082 1612
3056 3475
4933 1447
272 4332
